   -28.7454  
   -29.5771  
   -29.9831  
   -28.4963  
   -29.6062  
   -28.7251  
   -28.4955  
   -29.9446  
   -29.9016  
   -30.1378  
   -27.9482  
   -28.8564  
   -24.0251  
   -24.4456  
   -23.3246  
   -23.6916  
   -23.3952  
   -23.4322  
   -23.8589  
   -23.1220  
   -23.5565  
   -23.9425  
   -23.1968  
   -23.1257  
   -23.7058  
   -23.6532  
   -24.0713  
   -24.2687  
   -23.8649  
   -24.3779  
   -22.5924  
   -23.8274  
   -24.1837  
   -23.2651  
   -24.0823  
   -23.6768  
   -24.4256  
   -23.8915  
   -23.6125  
   -23.5524  
   -23.9709  
   -23.2449  
   -21.6292  
   -21.4499  
   -21.0183  
   -21.9777  
   -21.0219  
   -20.8914  
   -21.1595  
   -21.2077  
   -21.8446  
   -21.4016  
   -21.6273  
   -21.7368  
   -30.0658  
   -28.7953  
   -28.4066  
   -29.2419  
   -29.7400  
   -28.8488  
   -28.3478  
   -28.5761  
   -29.7606  
   -28.6055  
   -29.6579  
   -29.7370  
   -29.9738  
   -27.4782  
   -28.5775  
   -29.5296  
   -29.1997  
   -28.3068  
   -24.1136  
   -23.1504  
   -23.2769  
   -22.9076  
   -23.7399  
   -22.7418  
   -22.7403  
   -22.8503  
   -23.6649  
   -24.1493  
   -23.5734  
   -23.1447  
   -23.2095  
   -23.7637  
   -23.9382  
   -23.0317  
   -24.1720  
   -23.7631  
   -24.1772  
   -24.6229  
   -24.0809  
   -24.1511  
   -24.1743  
   -24.2904  
   -23.9098  
   -23.3210  
   -23.0464  
   -24.1226  
   -23.7069  
   -23.3844  
   -23.7531  
   -24.7998  
   -23.3772  
   -24.0560  
   -23.2461  
   -25.0069  
   -23.7421  
   -24.5133  
   -23.8062  
   -25.1386  
   -24.1812  
   -24.2389  
   -28.3223  
   -28.5375  
   -29.9574  
   -29.9407  
   -29.1744  
   -28.7952  
   -29.1156  
   -29.7744  
   -28.4404  
   -28.5633  
   -29.7871  
   -28.9012  
   -28.8552  
   -28.9138  
   -29.4148  
   -28.3950  
   -29.0610  
   -29.6200  
   -24.3935  
   -23.4856  
   -24.1636  
   -23.4341  
   -23.4510  
   -24.1303  
   -23.1565  
   -23.0939  
   -22.9367  
   -23.0251  
   -23.4202  
   -23.2335  
   -23.9358  
   -24.2175  
   -23.7640  
   -24.6226  
   -23.6178  
   -24.4675  
   -23.8653  
   -23.9248  
   -24.1406  
   -23.8483  
   -23.5761  
   -23.2635  
   -24.0053  
   -23.0947  
   -23.8407  
   -23.5176  
   -23.5604  
   -23.8521  
   -21.9380  
   -20.9394  
   -21.3865  
   -21.0200  
   -21.3456  
   -21.3893  
   -21.5891  
   -21.4277  
   -21.3692  
   -21.3494  
   -21.8040  
   -21.5053  
   -28.5657  
   -29.5835  
   -28.5739  
   -30.0704  
   -29.8308  
   -29.7545  
   -28.4809  
   -28.5341  
   -29.8084  
   -29.3404  
   -28.4353  
   -29.2484  
   -28.4408  
   -28.5323  
   -28.0512  
   -29.4813  
   -29.5954  
   -28.4133  
   -23.2944  
   -23.0293  
   -25.6446  
   -23.0045  
   -23.1809  
   -23.4327  
   -23.2025  
   -23.0132  
   -23.8542  
   -23.1097  
   -23.4613  
   -24.8378  
   -24.5750  
   -23.3434  
   -23.4876  
   -23.5737  
   -24.3117  
   -24.3005  
   -24.1067  
   -24.5290  
   -24.3915  
   -24.2656  
   -24.1848  
   -23.9076  
   -23.5092  
   -22.9215  
   -23.3064  
   -23.2449  
   -23.1004  
   -23.1296  
   -23.4312  
   -24.0132  
   -24.1407  
   -23.7505  
   -23.9965  
   -23.9404  
   -24.2581  
   -24.3117  
   -24.8309  
   -24.1124  
   -23.9125  
   -24.5087  
   -28.4878  
   -28.2416  
   -29.6153  
   -27.8831  
   -29.5885  
   -30.0399  
   -21.1310  
   -14.0838  
   -26.9729  
   -21.2433  
   -26.7562  
   -25.2031  
   -55.6602  
   -45.9284  
   -58.6876  
   -56.5663  
   -57.8651  
   -55.3234  
   -46.2968  
   -39.1901  
   -45.9318  
   -53.0778  
   -46.7820  
   -42.3038  
   -54.7395  
   -51.2465  
   -37.2123  
   -45.0702  
   -36.8988  
   -51.8783  
   -49.7944  
   -39.8119  
   -40.6137  
   -47.1828  
   -43.6426  
   -41.8328  
   -40.9697  
   -40.2860  
   -43.4070  
   -38.6186  
   -43.2437  
   -41.2115  
   -31.3818  
   -30.9197  
   -31.6282  
   -28.7592  
   -30.8175  
   -28.9084  
   -34.0990  
   -34.0836  
   -36.0373  
   -31.4756  
   -33.1831  
   -34.6044  
   -32.6606  
   -35.5597  
   -34.5093  
   -36.1859  
   -31.7633  
   -35.3701  
   -18.6710  
   -11.0881  
   -20.9977  
   -16.6441  
   -22.4006  
   -21.6282  
   -15.5540  
   -13.7163  
   -13.6727  
   -14.7390  
   -11.8033  
   -12.4507  
  -151.9613  
  -156.8837  
  -153.3515  
  -157.5282  
  -151.9470  
  -158.0000  
   -33.9183  
   -55.8417  
   -55.8474  
   -41.9716  
   -52.4112  
   -56.5278  
   -42.3437  
   -59.1089  
   -51.4399  
   -34.0122  
   -53.0930  
   -56.6309  
   -23.4590  
   -31.5442  
   -32.0125  
   -34.2875  
   -34.2960  
   -33.9387  
   -28.5494  
   -28.4579  
   -26.8408  
   -27.0534  
   -27.9265  
   -29.3068  
   -25.3885  
   -28.1499  
   -28.4588  
   -28.6452  
   -27.3277  
   -26.8808  
   -49.6931  
   -41.1908  
   -45.3715  
   -53.0269  
   -43.5538  
   -42.7894  
   -42.9603  
   -51.2063  
   -37.4943  
   -44.1625  
   -37.9750  
   -36.1621  
   -52.5550  
   -40.5157  
   -43.1177  
   -44.2442  
   -46.7981  
   -40.5680  
   -44.8341  
   -39.5180  
   -59.0510  
   -54.8540  
   -61.1840  
   -45.6403  
   -20.9417  
   -21.6611  
   -25.0505  
   -20.2002  
   -28.3387  
   -16.3779  
   -43.7713  
   -33.7397  
   -43.4551  
   -34.0398  
   -41.6851  
   -33.7342  
   -31.7014  
   -31.8947  
   -33.2955  
   -34.6073  
   -33.3433  
   -33.2552  
  -157.2160  
  -158.2069  
  -158.3292  
  -158.1275  
  -156.2950  
  -158.8548  
   -18.0604  
   -25.4785  
   -18.3018  
   -24.7220  
   -25.2786  
   -26.2908  
   -55.7462  
   -54.9216  
   -56.4682  
   -55.2043  
   -57.5137  
   -38.7777  
   -43.2570  
   -45.5187  
   -47.0128  
   -45.2342  
   -43.5195  
   -50.5941  
   -37.4335  
   -37.0244  
   -58.6526  
   -37.2701  
   -52.0186  
   -50.9561  
   -40.0767  
   -41.4196  
   -46.5268  
   -40.6920  
   -39.1378  
   -40.0172  
   -40.5634  
   -41.9858  
   -38.7843  
   -43.4727  
   -42.9361  
   -40.6222  
   -29.5824  
   -29.5683  
   -28.9561  
   -31.9564  
   -32.1612  
   -29.7071  
   -35.5001  
   -34.8304  
   -32.1386  
   -33.3707  
   -34.7980  
   -34.8001  
   -36.7588  
   -36.7749  
   -35.7057  
   -33.1739  
   -33.5030  
   -33.8054  
   -13.5956  
   -20.7086  
   -16.2397  
   -21.6210  
   -19.6655  
   -23.7989  
   -13.8059  
   -17.0411  
   -14.7250  
   -13.9881  
   -12.2562  
   -13.1398  
  -157.0650  
  -157.7705  
  -150.1933  
  -150.9721  
  -151.7631  
  -153.2078  
   -52.3838  
   -58.3665  
   -40.1450  
   -59.7630  
   -55.2408  
   -51.5659  
   -58.4738  
   -55.5903  
   -49.6507  
   -55.6056  
   -54.4502  
   -42.0697  
   -32.9235  
   -33.0477  
   -29.4329  
   -36.0842  
   -34.7382  
   -31.1878  
   -27.9099  
   -27.2055  
   -25.1624  
   -28.8286  
   -28.4764  
   -26.4393  
   -28.3869  
   -29.3491  
   -27.3425  
   -26.9780  
   -27.1110  
   -23.7430  
   -38.7209  
   -43.7691  
   -42.2099  
   -43.3521  
   -41.5770  
   -46.6709  
   -46.3676  
   -36.9173  
   -43.5582  
   -37.4147  
   -38.5339  
   -57.1337  
   -44.3903  
   -42.6343  
   -46.1493  
   -42.8968  
   -45.6149  
   -44.9622  
   -59.7086  
   -55.6373  
   -35.2035  
   -57.1250  
   -45.4914  
   -44.3254  
   -26.7546  
   -24.9880  
   -27.2171  
   -25.1411  
   -18.5690  
   -17.9331  
   -33.6557  
   -33.4174  
   -34.6665  
   -40.0440  
   -43.4712  
   -32.2370  
   -32.8879  
   -34.0201  
   -35.7813  
   -32.9329  
   -32.2619  
   -33.3604  
  -157.7148  
  -158.5364  
  -157.4846  
  -158.1595  
  -158.4661  
  -156.1076  
   124.1245  
   130.8265  
   109.4122  
   119.7909  
   112.2846  
   111.3405  
  -105.7603  
   -92.3108  
   -92.5919  
  -101.5245  
   -96.5732  
   -94.1332  
   115.4309  
   110.1618  
   121.0888  
   141.8545  
   118.2638  
   125.1443  
   126.4013  
   109.4359  
   133.0691  
   111.2955  
   111.9274  
   113.8632  
   -92.0103  
   -92.1537  
   -99.8795  
   -97.2962  
   -93.7496  
  -102.5426  
   122.7479  
   125.3325  
   123.4150  
   120.1506  
   121.1219  
   125.1187  
